00000000
00000000
00000000
00000000
00000000
00000000
00000000
00000000
01111111
01000001
01000001
00100010
00011100
00000000
00000000
00000000
00111111
01001000
01001000
01001000
00111111
00000000
00000000
00000000
01111111
00010000
00001000
00000100
01111111
00000000
00000000
00000000
00111110
01000001
01000001
01001001
01001111
00000000
00000000
00000000
00000000
00000000
00000000
00000000
00000000
00000000
01111111
00001000
00001000
00001000
01111111
00000000
00000000
00000000
00111111
01001000
01001000
01001000
00111111
00000000
00000000
00000000
01000001
01000001
01111111
01000001
01000001
00000000
00000000
00000000
00000000
00000000
00000000
00000000
00000000
00000000
01111111
00000001
00000001
00000001
00000001
00000000
00000000
00000000
01000001
01000001
01111111
01000001
01000001
00000000
00000000
00000000
01111111
00010000
00001000
00000100
01111111
00000000
00000000
00000000
01111111
00001000
00001000
00001000
01111111
00000000
00000000
00000000
