00000000
00000000
00000000
00000000
00000000
00000000
00000000
00000000
01111111
00010000
00001000
00000100
01111111
00000000
00000000
00000000
00111110
01000001
01000001
01001001
01001111
00000000
00000000
00000000
01111110
00000001
00000001
00000001
01111110
00000000
00000000
00000000
01110000
00001000
00001111
00001000
01110000
00000000
00000000
00000000
01111111
01001001
01001001
01001001
01000001
00000000
00000000
00000000
01111111
00010000
00001000
00000100
01111111
00000000
00000000
00000000
00000000
00000000
00000000
00000000
00000000
00000000
01111111
00001000
00001000
00001000
01111111
00000000
00000000
00000000
01111110
00000001
00000001
00000001
01111110
00000000
00000000
00000000
01111110
00000001
00000001
00000001
01111110
00000000
00000000
00000000
00000000
00000000
00000000
00000000
00000000
00000000
01000000
01000000
01111111
01000000
01000000
00000000
00000000
00000000
01111111
00001000
00001000
00001000
01111111
00000000
00000000
00000000
00111111
01001000
01001000
01001000
00111111
00000000
00000000
00000000
01111111
00010000
00001000
00000100
01111111
00000000
00000000
00000000
00111110
01000001
01000001
01001001
01001111
00000000
00000000
00000000
